6.844705983459040510e+01
6.306346010171024830e+01
5.953990258641678679e+01
5.608029957123981291e+01
5.269724850502159086e+01
5.021951811795887721e+01
4.780167361086847677e+01
4.622769732530488085e+01
4.468780594300866227e+01
4.244997055358224713e+01
4.101219330881975367e+01
4.103656905736638549e+01
4.252058325093859992e+01
7.964923100695951064e+01
8.280096617793780922e+01
8.683893136145792369e+01
9.097252332435327560e+01
9.689685237405805651e+01
1.020832993197222294e+02
1.091283647820308857e+02
1.172006825918688975e+02
1.263170613971050216e+02
1.383510028875830074e+02
1.514892735476673806e+02
1.685852899869973953e+02
1.935691091057661595e+02
1.921067411623027965e+02
1.906252868850300217e+02
1.893911296761281733e+02
1.884091292904884654e+02
1.877711372921834254e+02
1.872671887971835929e+02
1.870427758562195777e+02
7.500666637039670093e+01
7.510659092250159574e+01
7.532595834106592747e+01
7.553806987208503188e+01
7.595393340703297724e+01
7.648529270389177270e+01
7.690253571892151285e+01
7.762087348130012288e+01
7.844743462982074789e+01
7.937883848986453472e+01
8.041144197189849763e+01
8.154140052758475576e+01
3.534119409414458346e+01
3.264965543462901820e+01
3.312099032335839155e+01
3.361547262794321966e+01
3.466987164671942878e+01
3.522782990761707111e+01
3.640054944640259293e+01
3.701351104664349378e+01
3.828837943815329226e+01
3.962322551231790158e+01
4.101219330881975367e+01
4.244997055358224713e+01
4.393176527297759293e+01
4.622769732530488085e+01
4.780167361086847677e+01
5.021951811795887721e+01
5.269724850502159086e+01
5.608029957123981291e+01
5.953990258641678679e+01
6.306346010171024830e+01
6.754257916307312826e+01
7.300684899377591819e+01
7.947955712005446571e+01
8.792041856133306510e+01
9.741663102366042892e+01
2.071617725353787307e+02
2.054482903311682378e+02
1.478715658941907520e+02
1.823211452355430993e+02
2.308289409931085743e+02
3.000000000000000000e+02
3.000000000000000000e+02
3.000000000000000000e+02
3.000000000000000000e+02
2.703627193235043364e+02
1.556309737809283149e+02
1.128716084761797021e+02
8.811923740024082008e+01
7.138627319029899354e+01
6.063827174318213054e+01
5.288667128870940815e+01
4.712748667179271678e+01
4.237924020083418242e+01
3.862641583165593318e+01
3.492849839314595783e+01
3.310589071449369669e+01
3.041381265149109936e+01
2.865309756378880479e+01
2.692582403567251959e+01
2.745906043549196340e+01
2.801785145224380003e+01
2.860069929215018192e+01
7.465252842335615924e+01
7.158910531638176167e+01
6.862215385719105143e+01
6.646803743153546407e+01
6.438167441127949076e+01
6.236986451805070431e+01
6.044005294504630399e+01
5.860034129593444874e+01
5.742821606144492108e+01
5.630275304103698630e+01
5.608029957123981291e+01
5.953990258641678679e+01
6.306346010171024830e+01
6.844705983459040510e+01
7.392563831310488354e+01
1.361249426078850604e+02
1.375681649219760345e+02
1.537335357038274708e+02
2.141821654573508056e+02
2.122686976452251315e+02
2.108293148497143932e+02
2.094588265029669287e+02
2.085041966004521328e+02
1.314610208388783121e+02
1.311868895888609643e+02
1.310152662860324710e+02
1.310343466423975372e+02
2.072920644887304888e+02
1.275656693628814793e+02
